0.23886571896503472 0.18191554251867137 
1.8127419949713257 -0.02641706277253264 
0.16893949395343721 1.6334186514432663 
-1.2297224550187091 -0.9504375474512776 
-0.7689794286461371 -0.7449657502325391 
-0.772113224719622 0.08739087011282154 
-0.1020146047914472 0.7698476346939271 
-1.4852973756489432 -0.5758238469107152 
0.0009360871762309486 -1.8166499181376006 
-0.680655036845991 -0.9411998741625343 
-1.7458169118694327 -1.4875995425018291 
1.3761477270917846 -1.6730475016082687 
-1.8665017261006844 2.079188138445855 
1.1558411261822557 0.947864269114561 
-1.5163674617639193 -1.2012089553810756 
-1.347323973626021 -0.643155497373301 
1.2593962143019752 -3.2477935498170676 
-1.1320599114261063 0.6527730971841479 
-1.4787015987594936 2.2425674115397904 
-0.7540497223985249 3.5886162862069377 
1.0
1.0
1.0
1.0
-1.0
1.0
-1.0
-1.0
1.0
-1.0
-1.0
-1.0
1.0
1.0
-1.0
-1.0
-1.0
1.0
1.0
1.0