1.6364760804071508 0.8772354045895443 
-0.4340246043192262 1.7137382758047095 
1.5723017651461477 -0.8535856682230715 
0.7316090644694624 -1.3816024247824685 
-0.9140590468073653 -1.1102060351999585 
-1.111108358724629 -1.1640568187343476 
-2.1221484927358976 0.9580223701076147 
1.0102286517388388 -1.4244521526008376 
0.8280183823380609 -1.0767688445044463 
-0.36182439158898116 -0.7838542994767068 
1.0873601439029001 -0.9758687138143924 
-1.4939088318414537 2.9997342426234797 
0.2299358203799884 1.1533328738210653 
0.9838123739699193 1.0528392083194602 
1.1376954370861445 -1.0501002497366771 
1.4932462297002063 -1.2085627796161746 
3.2360151328747544 -0.6790179174923272 
0.6148799752049569 0.8608810965991407 
-0.14035771349627846 -0.97749018691391 
1.556081191138635 -1.7996373588373462 
0.5992358166768308 2.327918668254651 
-1.800113409878359 3.4649111693253944 
0.3193445451757485 1.309800129142182 
1.2207945029220932 0.8328594749304502 
-1.7089283297898616 -1.2479713290317305 
1.0
1.0
-1.0
-1.0
-1.0
-1.0
1.0
-1.0
-1.0
-1.0
-1.0
1.0
1.0
1.0
-1.0
-1.0
1.0
1.0
-1.0
-1.0
1.0
1.0
-1.0
1.0
-1.0